SN	Subtype	z	z'^a	t_r,B	v^b,ref^c	Mag_p,B	AV18^d	mu (mag)	mu_(MLCS2k2)	M_B(mag)	${M}_{{t}^{2}}$	${M}_{{v}^{2}{t}^{2}}$	Group^e	
1998dh	Ia-norm	0.0077	0.0082	15.7 +or- 0.7	11.1 +or- 0.5, S12^f	14.1	0.3016	32.74	32.96	-19.34 +or- 0.22	-5.97	-11.20	1	
1998dm	Ia-norm	0.0055	0.0062	17.7 +or- 0.7	10.6 +or- 0.3, S15^f	14.8	0.7511	32.13	33.26	-18.68 +or- 0.28	-6.24	-11.37	1	
1999cp	Ia-norm	0.0103	0.0103	17.3 +or- 0.7	10.6 +or- 0.3, S15^f	14.0	0.0401	33.24	33.46	-19.36 +or- 0.18	-6.19	-11.32	3	
1999dq	Ia-99aa	0.0137	0.0130	18.4 +or- 0.8	10.9 +or- 0.1, S15	14.9	0.3174	33.75	33.70	-19.82 +or- 0.15	-6.32	-11.51	1	
1999gp	Ia-norm	0.0260	0.0268	18.0 +or- 0.8	11.0 +or- 0.2, Z18	16.2	0.1441	35.34	35.57	-19.61 +or- 0.09	-6.27	-11.48	5	
2000cx	Ia-pec	0.0070	0.0073	14.2 +or- 0.7	11.7 +or- 0.2, Z18	13.4	-0.0520	32.47	32.64	-19.31 +or- 0.24	-5.76	-11.10	2	
2000dn	Ia-norm	0.0308	0.0316	16.3 +or- 1.4	10.2 +or- 0.2, S15^f	16.8	0.0191	35.71	36.13	-19.15 +or- 0.07	-6.05	-11.10	5	
2000dr	Ia-norm	0.0178	0.0183	12.9 +or- 0.7	10.5 +or- 0.3,S12^f	16.1	-0.0056	34.50	34.47	-18.52 +or- 0.11	-5.55	-10.65	1	
2000fa	Ia-norm	0.0218	0.0223	16.7 +or- 0.8	12.0 +or- 0.2, Z18	16.1	0.2916	34.94	35.08	-19.54 +or- 0.10	-6.11	-11.51	1	
2001en	Ia-norm	0.0153	0.0133	16.3 +or- 0.7	12.5 +or- 0.4, S12^f	15.3	0.0729	33.79	34.36	-18.86 +or- 0.15	-6.06	-11.55	1	
2001ep	Ia-norm	0.0129	0.0127	16.8 +or- 0.7	10.3 +or- 0.3, S15^f	15.0	0.2551	33.69	33.89	-19.24 +or- 0.15	-6.12	-11.19	1	
2002bo	Ia-norm	0.0053	0.0060	15.7 +or- 0.7	13.0 +or- 0.3, S15^f	14.0	0.7674	32.05	32.32	-19.31 +or- 0.29	-5.98	-11.55	1	
2002cr	Ia-norm	0.0103	0.0103	16.6 +or- 0.7	10.7 +or- 0.3, S15^f	14.3	0.1776	33.24	33.44	-19.34 +or- 0.18	-6.11	-11.25	3	
2002dj	Ia-norm	0.0104	0.0091	15.4 +or- 0.7	14.5 +or- 0.3, Z18	14.3	0.1341	32.98	33.22	-19.26 +or- 0.21	-5.94	-11.75	1	
2002dl	Ia-pec	0.0152	0.0152	13.0 +or- 0.7	10.6 +or- 0.4, Z18^f	16.1	-0.0031	34.09	34.17	-18.28 +or- 0.12	-5.58	-10.70	1	
2002eb	Ia-norm	0.0265	0.0274	18.2 +or- 0.7	10.3 +or- 0.4, S15^f	16.2	0.1241	35.39	35.62	-19.60 +or- 0.08	-6.30	-11.36	5	
2002er	Ia-norm	0.0090	0.0092	15.9 +or- 0.7	11.8 +or- 0.4, S15^f	14.8	0.3334	33.00	33.13	-19.34 +or- 0.21	-6.01	-11.37	1	
2002fk	Ia-norm	0.0070	0.0073	17.9 +or- 0.7	9.8 +or- 0.3, S12^f	13.3	0.0386	32.50	32.75	-19.40 +or- 0.24	-6.26	-11.22	2	
2002 ha	Ia-norm	0.0132	0.0135	14.9 +or- 0.7	10.8 +or- 0.1, S15	15.1	-0.0013	33.83	33.93	-19.16 +or- 0.14	-5.87	-11.04	3	
2002he	Ia-norm	0.0248	0.0253	13.9 +or- 0.8	12.4 +or- 0.1, S15	16.4	0.0155	35.22	35.35	-19.01 +or- 0.09	-5.71	-11.18	1	
2003cg	Ia-norm	0.0053	0.0053	16.1 +or- 1.0	10.9 +or- 0.2, E06	16.0	2.2735	31.77	31.78	-19.49 +or- 0.32	-6.04	-11.22	1	
2003fa	Ia-99aa	0.0391	0.0408	18.5 +or- 0.7	11.2 +or- 0.4, S15^f	16.8	0.0681	36.28	36.35	-19.80 +or- 0.07	-6.34	-11.58	5	
2003gn	Ia-norm	0.0333	0.0339	14.4 +or- 0.9	12.0 +or- 0.3, S15	17.5	0.1754	35.87	36.31	-18.81 +or- 0.11	-5.79	-11.19	1	
2003gt	Ia-norm	0.0150	0.0154	16.7 +or- 0.7	11.1 +or- 0.4, S15^f	15.4	0.1750	34.12	34.19	-19.47 +or- 0.13	-6.12	-11.34	4	
2003W	Ia-norm	0.0211	0.0211	14.6 +or- 0.8	14.8 +or- 0.4, S15^f	16.1	0.3353	34.81	35.03	-19.44 +or- 0.10	-5.82	-11.67	1	
2003Y	Ia-91bg	0.0173	0.0170	10.5 +or- 0.8	9.8 +or- 0.3, S15^f	17.9	0.5270	34.33	34.19	-17.48 +or- 0.14	-5.11	-10.06	1	
2004at	Ia-norm	0.0240	0.0239	16.6 +or- 0.7	11.3 +or- 0.1, Z18	15.7	0.0185	35.09	35.31	-19.46 +or- 0.09	-6.10	-11.36	5	
2004dt	Ia-norm	0.0185	0.0198	16.7 +or- 0.7	13.3 +or- 0.3, S15	15.3	0.2442	34.67	34.53	-19.83 +or- 0.10	-6.11	-11.73	1	
2004ef	Ia-norm	0.0298	0.0301	13.8 +or- 0.7	12.8 +or- 0.4, S15^f	17.1	0.1771	35.60	35.75	-19.03 +or- 0.10	-5.70	-11.23	1	
2004eo	Ia-norm	0.0148	0.0154	15.8 +or- 0.7	10.8 +or- 0.4, S15^f	15.5	0.1383	34.12	34.10	-19.29 +or- 0.14	-5.99	-11.16	4	
2005cf	Ia-norm	0.0070	0.0071	15.9 +or- 0.7	10.1 +or- 0.1, S15	13.7	0.1612	32.42	32.65	-19.41 +or- 0.25	-6.01	-11.03	2	
2005de	Ia-norm	0.0149	0.0151	17.4 +or- 0.7	10.2 +or- 0.2, S15^f	15.8	0.2376	34.08	34.51	-19.06 +or- 0.13	-6.20	-11.25	1	
2005ki	Ia-norm	0.0203	0.0200	15.1 +or- 0.7	11.1 +or- 0.2, S15^f	15.6	0.0169	34.69	34.85	-19.20 +or- 0.10	-5.89	-11.12	4	
2005M	Ia-91T	0.0230	0.0255	20.5 +or- 0.8	10.6 +or- 0.2, S15^f	16.0	0.1877	35.24	35.50	-19.68 +or- 0.09	-6.56	-11.68	1	
2006cp	Ia-norm	0.0233	0.0222	17.5 +or- 0.8	13.6 +or- 0.3, Z18	16.0	0.1746	34.92	35.34	-19.27 +or- 0.11	-6.22	-11.88	1	
2006gr	Ia-norm	0.0335	0.0342	18.3 +or- 1.2	11.4 +or- 0.3, Z18	17.3	0.2763	35.89	36.29	-19.41 +or- 0.09	-6.31	-11.59	1	
2006le	Ia-norm	0.0172	0.0189	16.6 +or- 0.8	11.6 +or- 0.3, Z18	16.4	0.0234	34.57	34.78	-19.85 +or- 0.11	-6.10	-11.42	4	
2006X	Ia-norm	0.0064	0.0059	16.0 +or- 0.8	14.7 +or- 0.1, S15	15.5	2.3994	32.03	31.11	-20.34 +or- 0.30	-6.02	-11.85	1	
2007af	Ia-norm	0.0062	0.0062	16.8 +or- 0.7	10.6 +or- 0.1, S15	13.3	0.2198	32.14	32.34	-19.31 +or- 0.28	-6.12	-11.25	1	
2007le	Ia-norm	0.0067	0.0063	15.0 +or- 0.8	14.0 +or- 0.4, S15^f	14.0	0.5883	32.18	32.57	-19.24 +or- 0.27	-5.88	-11.61	1	
2007qe	Ia-norm	0.0244	0.0195	16.1 +or- 0.9	14.1 +or- 0.3, Z18	16.2	0.1741	34.64	35.47	-18.91 +or- 0.11	-6.03	-11.78	1	
2008bf	Ia-norm	0.0251	0.0271	16.7 +or- 1.3	11.5 +or- 0.2, F13	15.8	-0.0104	35.37	35.47	-19.66 +or- 0.07	-6.11	-11.42	5	
2008ec	Ia-norm	0.0149	0.0158	15.5 +or- 0.7	10.5 +or- 0.1, S15	15.8	0.3599	34.18	34.31	-19.21 +or- 0.13	-5.96	-11.06	1	
2001V	Ia-norm	0.0162	0.0156	17.0 +or- 0.7	11.6 +or- 0.3, Z18^f	14.7	0.1436	34.15	34.10	-19.70 +or- 0.13	-6.15	-11.47	4	
2005hk	Iax	0.0118	0.0118	18.1 +or- 0.8	5.7 +or- 0.3, P07	15.9	0.6691	33.53	34.62	-18.74 +or- 0.16	-6.28	-10.06	1	
2006ax	Ia-norm	0.0180	0.0179	18.2 +or- 0.9	10.5 +or- 0.1, Z18	15.2	0.0097	34.45	34.73	-19.44 +or- 0.11	-6.30	-11.41	4	
2006lf	Ia-norm	0.0130	0.0120	14.8 +or- 1.0	11.4 +or- 0.4, S15^f	17.7	0.0290	33.58	33.99	-19.39 +or- 0.16	-5.86	-11.14	3	
2007bd	Ia-norm	0.0319	0.0317	13.5 +or- 0.7	12.8 +or- 0.4, S15^f	16.7	-0.0012	35.72	35.87	-19.16 +or- 0.07	-5.65	-11.18	1	
2007ci	Ia-norm	0.0194	0.0178	13.0 +or- 0.7	11.8 +or- 0.2, S15	15.9	-0.0072	34.44	34.55	-18.58 +or- 0.11	-5.57	-10.93	1	
2005kc	Ia-norm	0.0137	0.0145	17.4 +or- 0.7	10.6 +or- 0.3, F13	16.0	0.6070	33.99	34.21	-19.42 +or- 0.16	-6.20	-11.32	1	
2007on	Ia-norm	0.0062	0.0074	14.8 +or- 0.7	11.3 +or- 0.3, S15^f	13.1	-0.0447	32.52	31.54	-19.41 +or- 0.23	-5.85	-11.11	1	
2008bc	Ia-norm	0.0157	0.0156	16.8 +or- 0.7	11.6 +or- 0.2, F13	15.7	-0.0142	34.15	34.89	-19.52 +or- 0.12	-6.13	-11.45	4	
2008gp	Ia-norm	0.0328	0.0338	17.5 +or- 0.7	11.3 +or- 0.4, G08^f	16.9	0.0346	35.86	35.93	-19.50 +or- 0.08	-6.22	-11.48	5	
2008hv	Ia-norm	0.0125	0.0140	14.4 +or- 0.7	10.9 +or- 0.2, F13	14.9	0.0002	33.91	34.07	-19.13 +or- 0.13	-5.80	-10.99	3	
